[12365 12368 12371 12374] 12388.971
[14663 14666 14669 14672 14675 14678 14681 14684 14687 14690] 14695.155
[12836 12839 12842 12845 12848 12851 12854] 12833.231
[12122 12125 12128 12131 12134 12137 12140 12143 12146 12149] 12151.986
[1516 1519 1522 1525 1528 1531] 1531.7823
[9513 9516 9519 9522 9525 9528 9531 9534 9537] 9538.15
[7624 7627 7630 7633 7636 7639 7642] 7628.0576
[13423 13426 13429 13432 13435] 13443.265
[1106 1109 1112 1115 1118 1121 1124 1127 1130 1133] 1127.0864
[12545 12548] 12564.805
