[11253 11257 11261 11265 11269 11273 11277 11281 11285 11289] 11288.879
[3961 3965 3969 3973 3977 3981 3985] 3974.3948
[13056 13060 13064 13068 13072 13076 13080 13084 13088 13092] 13093.417
[7935 7939 7943 7947 7951 7955 7959 7963 7967] 7964.6797
[14333 14337 14341 14345 14349 14353 14357 14361] 14386.377
[7748 7752 7756 7760 7764] 7769.497
[17467 17471 17475 17479 17483 17487] 17510.156
[19582 19586] 19601.805
[15150 15154 15158 15162 15166] 15174.133
[13635 13639 13643 13647 13651 13655] 13672.532
