[12365 12368 12371 12374] 12377.899
[14663 14666 14669 14672 14675 14678 14681 14684 14687 14690] 14686.695
[12836 12839 12842 12845 12848 12851 12854] 12849.069
[12122 12125 12128 12131 12134 12137 12140 12143 12146 12149] 12143.723
[1516 1519 1522 1525 1528 1531] 1526.0929
[9513 9516 9519 9522 9525 9528 9531 9534 9537] 9530.214
[7624 7627 7630 7633 7636 7639 7642] 7636.0635
[13423 13426 13429 13432 13435] 13435.55
[1106 1109 1112 1115 1118 1121 1124 1127 1130 1133] 1119.1382
[12545 12548] 12555.942
