[11253 11257 11261 11265 11269 11273 11277 11281 11285 11289] 11277.875
[3961 3965 3969 3973 3977 3981 3985] 3975.1226
[13056 13060 13064 13068 13072 13076 13080 13084 13088 13092] 13082.274
[7935 7939 7943 7947 7951 7955 7959 7963 7967] 7954.781
[14333 14337 14341 14345 14349 14353 14357 14361] 14357.651
[7748 7752 7756 7760 7764] 7761.2686
[17467 17471 17475 17479 17483 17487] 17490.607
[19582 19586] 19593.357
[15150 15154 15158 15162 15166] 15164.664
[13635 13639 13643 13647 13651 13655] 13656.108
