[7169 7174 7179] 7184.6807
[6764 6769 6774 6779 6784 6789 6794] 6781.516
[9537 9542 9547] 9552.823
[18499 18504 18509 18514 18519 18524 18529 18534 18539] 18528.553
[4289 4294 4299 4304 4309 4314 4319 4324 4329] 4310.0977
[13722 13727 13732 13737 13742 13747] 13745.493
[2858 2863 2868 2873 2878 2883 2888] 2874.702
[10115 10120 10125 10130 10135 10140 10145 10150 10155 10160] 10142.8
[18723 18728 18733 18738 18743 18748 18753 18758 18763] 18752.684
[4941 4946 4951 4956 4961 4966 4971 4976] 4962.0674
